31,191,80,87,46,192,38,335,51,207,33,69
63,582,21,207,44,187,46,163,27,150
32,168,42,223,26,144,43,90,64,585,20,222,15,169
65,228,76,143,36,214,25,183,49,245,13,234 
66,200,60,584,55,131,19,92
42,258,68,225,40,184,71,75,18,130,14,191,26,233
33,466,70,374,42,322,32,130,15,122,48,358
53,161,25,226,75,586
48,99,20,126,45,155,35,126
35,176,45,141,43,228,16,151,17,198
43,582,26,83,14,213,54,99,16,94
21,141,49,581,25,177,24,275,62,144,23,144
56,96,65,161,4,234,49,83,72,135
26,291,6,191,18,233,67,157,81,45,54,584,11,213,78,134
48,241,7,122,32,51,3,169,20,150
10,151,43,177,11,94,54,157,41,132,77,69
10,198,59,187,22,216
6,130,71,94,19,156,37,96,14,233,78,193
66,98,5,92,55,172,57,,37,197,18,156,71,166
48,145,15,150,3,222,64,150,45,208,9,126
63,176,47,96,72,90,49,252,12,141,23,153,44,249,2,207
17,216,59,140,71,62
21,153,12,144,62,136,24,267,44,98
23,267,62,131,12,275,25,190,69,155,29,133,28,295,58,248,44,363
12,177,49,266,4,183,36,203,75,,8,226,53,259,69,125,24,190
3,144,42,338,6,233,14,291,11,83,43,78
79,64,63,137,2,150,46,76,80,125,31,193
52,44,61,136,53,258,55,194,57,349
24,133,69,78,61,90,28,162
65,197,73,189
27,193,80,129,1,191
7,130,42,263,3,168,15,51
1,69,51,200,42,348,70,235,7,466
41,581,59,131
9,126,45,35,10,176
4,214,76,140,75,94,25,203
19,197,57,183,18,96,74,183,78,584
1,335,46,261,58,194,66,197,50,81,51,128
22,62,59,121
50,91,66,582,71,583,6,184,68,580
77,65,34,581,16,132,54,37
7,322,70,589,33,348,51,242,68,148,6,258,26,338,3,223,32,263
45,316,64,139,3,90,26,78,11,582,16,177,10,228
46,224,2,187,21,249,23,98,24,363,58,243
35,35,9,155,20,208,64,195,43,316,10,141
27,76,2,163,44,224,58,327,38,261,1,192,80,95
63,188,21,96,72,150,56,227,73,197
7,358,15,241,20,145,9,99
21,252,72,218,13,83,4,245,25,266,12,581
51,82,38,81,66,203,40,91,68,75
50,82,38,128,1,207,33,200,42,242,68,122
55,150,60,216,28,44,58,314
8,161,25,259,69,253,61,75
81,69,14,584,11,99,16,157,41,37
52,150,60,229,5,131,19,172,57,155
65,257,13,96,72,86,47,227,73,90
55,155,19,266,37,183
38,194,46,327,44,243,24,248,28,298,52,314,60,98,66,224
34,131,39,121,22,140,17,187
58,98,52,216,55,229,5,584,66,205
53,75,69,178,29,136,28,90
23,136,12,144,24,131
27,137,2,582,21,176,47,188
45,195,20,150,3,585,43,139
30,197,73,357,56,257,13,161,4,228
38,197,58,224,60,205,5,200,19,98,71,140,40,582,50,203
74,87,14,157,81,583,78,90
51,122,50,75,40,580,6,225,42,148
24,155,25,125,53,253,61,178,29,78
33,235,42,589,7,374
40,583,66,140,19,166,18,94,6,75
47,150,56,86,13,135,49,218,21,90
47,197,56,90,65,357,30,189
37,183,67,87,78,89
36,94,25,233,8,586
4,143,36,140
41,65,16,69
67,90,74,89,37,584,18,193,14,134
27,64
27,125,46,95,1,87,31,129
67,583,14,55,54,69
